+-----------------------------------------------------------------------------------------------------------------------------------------------------------------------------------------------------------------------------------------------------+
; Legal Partition Candidates                                                                                                                                                                                                                          ;
+------------------------------------------------+-------+----------------+--------------+----------------+--------+-----------------+---------------+-----------------+-------+----------------+--------------+------------------+-------------------+
; Hierarchy                                      ; Input ; Constant Input ; Unused Input ; Floating Input ; Output ; Constant Output ; Unused Output ; Floating Output ; Bidir ; Constant Bidir ; Unused Bidir ; Input only Bidir ; Output only Bidir ;
+------------------------------------------------+-------+----------------+--------------+----------------+--------+-----------------+---------------+-----------------+-------+----------------+--------------+------------------+-------------------+
; proc|Width_Array                               ; 29    ; 0              ; 0            ; 0              ; 10     ; 0               ; 0             ; 0               ; 0     ; 0              ; 0            ; 0                ; 0                 ;
; proc|output_buffer                             ; 13    ; 17             ; 0            ; 17             ; 10     ; 17              ; 17            ; 17              ; 0     ; 0              ; 0            ; 0                ; 0                 ;
; proc|prev_width                                ; 13    ; 0              ; 0            ; 0              ; 10     ; 0               ; 0             ; 0               ; 0     ; 0              ; 0            ; 0                ; 0                 ;
; proc|final_count                               ; 13    ; 0              ; 0            ; 0              ; 10     ; 0               ; 0             ; 0               ; 0     ; 0              ; 0            ; 0                ; 0                 ;
; proc|end_y                                     ; 13    ; 0              ; 0            ; 0              ; 10     ; 0               ; 0             ; 0               ; 0     ; 0              ; 0            ; 0                ; 0                 ;
; proc|start_y                                   ; 13    ; 0              ; 0            ; 0              ; 10     ; 0               ; 0             ; 0               ; 0     ; 0              ; 0            ; 0                ; 0                 ;
; proc|end_x                                     ; 13    ; 0              ; 0            ; 0              ; 10     ; 0               ; 0             ; 0               ; 0     ; 0              ; 0            ; 0                ; 0                 ;
; proc|start_x                                   ; 13    ; 0              ; 0            ; 0              ; 10     ; 0               ; 0             ; 0               ; 0     ; 0              ; 0            ; 0                ; 0                 ;
; proc|row_count                                 ; 13    ; 0              ; 0            ; 0              ; 10     ; 0               ; 0             ; 0               ; 0     ; 0              ; 0            ; 0                ; 0                 ;
; proc                                           ; 30    ; 0              ; 1            ; 0              ; 8      ; 0               ; 0             ; 0               ; 0     ; 0              ; 0            ; 0                ; 0                 ;
; driver                                         ; 10    ; 0              ; 0            ; 0              ; 30     ; 0               ; 0             ; 0               ; 0     ; 0              ; 0            ; 0                ; 0                 ;
; mem                                            ; 41    ; 0              ; 0            ; 0              ; 8      ; 0               ; 0             ; 0               ; 0     ; 0              ; 0            ; 0                ; 0                 ;
; PLL_Nopls_inst|altpll_component|auto_generated ; 2     ; 0              ; 0            ; 0              ; 5      ; 0               ; 0             ; 0               ; 0     ; 0              ; 0            ; 0                ; 0                 ;
; PLL_Nopls_inst                                 ; 1     ; 0              ; 0            ; 0              ; 3      ; 0               ; 0             ; 0               ; 0     ; 0              ; 0            ; 0                ; 0                 ;
+------------------------------------------------+-------+----------------+--------------+----------------+--------+-----------------+---------------+-----------------+-------+----------------+--------------+------------------+-------------------+
